217178312888286
838313713317099
247296463128810
547900422804131
302338520760065
219876419306608
254460345740451
347769182849254
529422397944028
648063726037889
658468688050630
596832157845704
869575016889368
266592891137969
237921380649272
842807756209584
523885168292314
261535465239826
1731649863641382
1085292288522910
579800112886221
269277164076139
2581274605535108
2638111166453119
719906238817043
236213960924061
265612204816107
232940067975299
2546450865611593
701310510605369
1925466407588452
565738300965768
636945033816336
2301294816837741
585492418979013
264128567940298
176962986764882
981514028938434
223808228714910
585468802067851
238484180822579
256249448902015
2370900323204701
189120225461391
3013895718671644
156664265628571
220856239014922
2848131948635964
